now_ms, roll, pitch, yaw
48553, 0.06000011, 0.04652916, -0.6760892
48657, 0.06015774, 0.04668281, -0.6738909
48759, 0.06014758, 0.04693285, -0.6718652
48865, 0.06030994, 0.04721671, -0.669531
48972, 0.06059549, 0.04744737, -0.6673903
49077, 0.06090119, 0.04772915, -0.6651464
49177, 0.06143594, 0.04814197, -0.6630399
49286, 0.06194092, 0.04877072, -0.660747
49381, 0.06263268, 0.04952409, -0.6586646
49481, 0.06318713, 0.05035583, -0.6566762
49589, 0.06462305, 0.05165959, -0.6539264
49696, 0.06547954, 0.05247872, -0.6519809
49809, 0.06694112, 0.05385148, -0.6493154
49910, 0.06804531, 0.05514396, -0.6469516
50014, 0.06943381, 0.05661565, -0.6447355
50117, 0.07085457, 0.05798308, -0.6423209
50219, 0.07224901, 0.05951728, -0.6400712
50324, 0.07389093, 0.06082872, -0.6375128
50427, 0.075652, 0.06231169, -0.6351271
50531, 0.07694579, 0.06374007, -0.6327011
50633, 0.07839738, 0.0653396, -0.6305156
50733, 0.07996708, 0.06694927, -0.6283504
50833, 0.08164857, 0.06848671, -0.6261081
50937, 0.08312668, 0.06993653, -0.6234515
51042, 0.08484068, 0.07161722, -0.6210469
51142, 0.08664408, 0.07320327, -0.6188235
51244, 0.08832598, 0.07477846, -0.6165025
51344, 0.08993983, 0.0763213, -0.6141365
51448, 0.09154185, 0.07788412, -0.6117862
51553, 0.09320555, 0.07956546, -0.6092941
51654, 0.09481894, 0.08133694, -0.607059
51756, 0.09668374, 0.08300255, -0.6046248
51858, 0.09819806, 0.08473124, -0.6022764
51959, 0.09988447, 0.08645757, -0.5999824
52059, 0.1016569, 0.08828331, -0.5975894
52163, 0.1031428, 0.09006242, -0.5950521
52263, 0.09287544, 0.08069435, -0.5928068
52364, 0.00827089, 0.002844784, -0.5914719
52469, -0.05409186, -0.05341176, -0.5917516
52572, -0.06168592, -0.05570342, -0.5930642
52674, -0.0374737, -0.03616709, -0.5948136
52779, 0.005160542, -0.003633028, -0.5970205
52884, 0.04340397, 0.03048865, -0.5994681
52984, 0.06859662, 0.05442504, -0.6018243
53086, 0.08470407, 0.07139774, -0.6036639
53186, 0.102422, 0.088206, -0.6058086
53286, 0.1172509, 0.09951726, -0.608064
53386, 0.1281331, 0.1107068, -0.6099477
53486, 0.1354326, 0.1192909, -0.6108799
53591, 0.1382906, 0.1267867, -0.6113378
53694, 0.1558606, 0.1340921, -0.6109537
53800, 0.1523652, 0.141101, 0.0632642
53900, 0.1646595, 0.1389474, 0.05479576
54003, 0.1742303, 0.1473659, 0.05170206
54104, 0.1774856, 0.1509822, 0.05361731
54205, 0.181531, 0.1556284, 0.0588621
54310, 0.1824863, 0.1657355, 0.06371053
54412, 0.1783392, 0.175095, 0.06692821
54514, 0.1845825, 0.1694614, 0.06587395
54616, 0.1801317, 0.154547, 0.06369306
54719, 3.914343, 0.07971053, 0.05629569
54821, 11.80318, 0.02956364, 0.03270537
54922, 16.42926, 0.007697927, 0.01099287
55024, 18.61405, 0.001481668, -0.000811497
55125, 19.53137, 0.00152092, -0.02063481
55227, 19.90635, -0.002340629, -0.05257418
55327, 20.01139, -0.002824864, -0.1037065
55429, 20.02913, 0.01298726, -0.1410622
55530, 20.01653, 0.0129282, -0.1787589
55630, 19.99823, 0.01961191, -0.1813277
55732, 19.98208, 0.02283714, -0.170167
55834, 19.97332, 0.01810179, -0.1366138
55936, 19.96751, 0.01007687, -0.09562948
56041, 19.9663, 0.0006130649, -0.04801301
56147, 19.96752, -0.01791021, -0.00942215
56247, 19.96066, -0.03356384, 0.02205328
56348, 19.9612, -0.03370365, 0.04859486
56450, 19.97415, -0.03302749, 0.06738848
56556, 19.98743, -0.03141344, 0.06950964
56661, 20.00014, -0.02377618, 0.05421272
56763, 20.00819, -0.01716164, 0.03623314
56863, 20.00637, -0.01444233, 0.01334841
56965, 20.00517, -0.01079406, -0.009118387
57072, 19.99401, -0.008236631, -0.03007111
57175, 19.98632, -0.0005117502, -0.04193713
57275, 19.97508, 0.007832062, -0.04874256
57378, 19.97178, 0.0176451, -0.04663003
57483, 19.97799, 0.02459137, -0.04167096
57584, 19.98125, 0.01823337, -0.0344097
57685, 19.98152, 0.01855297, -0.02189874
57790, 19.97972, 0.01849288, -0.005770977
57895, 19.98441, 0.008545999, 0.003286778
58000, 19.97957, -0.001108991, 0.01054484
58103, 19.96665, -0.01069406, 0.008769174
58203, 19.9551, -0.02196879, 0.007522439
58305, 19.95284, -0.03302574, 0.004845792
58409, 19.97095, -0.03845723, 0.002205274
58509, 19.98664, -0.027943, -0.004158695
58609, 19.99212, -0.0127442, -0.01040488
58709, 19.99605, -0.008308562, -0.0171181
58813, 20.00108, -0.003180634, -0.01919471
58913, 20.0016, -0.0008897767, -0.01655925
59013, 20.00728, -0.003749519, -0.01349883
59114, 20.00515, -0.005964103, -0.004934343
59217, 20.00444, -0.008758778, 0.003220729
59317, 20.01243, -0.01227156, 0.01382403
59422, 20.01697, -0.01019881, 0.01728191
59522, 20.01892, -0.01695843, 0.01952321
59626, 20.01571, -0.01664381, 0.02158118
59726, 20.0122, -0.01741608, 0.02858814
59826, 20.01012, -0.012627, 0.03200023
59926, 20.00847, -0.01697044, 0.03368573
60028, 20.00712, -0.02050759, 0.03208884
60129, 20.00574, -0.02484616, 0.03638193
60230, 20.00475, -0.02750752, 0.03737721
60330, 20.00383, -0.03094888, 0.04408704
60433, 20.00315, -0.03315412, 0.04722659
60533, 20.00196, -0.02760742, 0.05552261
60634, 20.00044, -0.02683164, 0.05265065
60734, 19.99578, -0.01905116, 0.04975764
60835, 19.99643, -0.01189118, 0.04251204
60939, 19.99537, -0.001958539, 0.0421101
61040, 19.99316, 0.00142876, 0.03932074
61141, 19.99372, 0.005025077, 0.04236301
61241, 19.99163, 0.00593598, 0.04367786
61342, 19.99409, 0.003144265, 0.04828966
61444, 19.99251, 0.003301347, 0.05098688
61545, 19.9908, 0.0002748687, 0.05417463
61646, 19.99372, -0.001064801, 0.05477485
61746, 19.99291, 0.001101577, 0.05612742
61851, 19.99114, -0.0002363011, 0.05328818
61952, 19.99366, 0.0005460244, 0.05074593
62056, 19.99152, 0.00319159, 0.04738626
62156, 19.98976, 0.0003977673, 0.0423201
62256, 19.99011, 0.001122037, 0.03919101
62357, 19.98725, 0.003070757, 0.03623394
62462, 19.98929, 0.00135992, 0.03249481
62564, 19.98841, 0.004439707, 0.03044351
62664, 19.98661, 0.005742622, 0.03094818
62766, 19.98941, 0.00459112, 0.02923036
62866, 19.9901, 0.002084198, 0.02927101
62971, 19.98668, 0.00554079, 0.02983755
63072, 19.98717, 0.001593982, 0.02980504
63173, 19.98227, 0.001413858, 0.02787882
63273, 19.98167, 0.002538295, 0.02937829
63376, 19.98572, 0.0003313115, 0.02634858
63478, 19.98374, 0.002549563, 0.02722734
63578, 19.98679, 0.003711299, 0.02390872
63681, 19.98462, 0.0007653383, 0.02062012
63780, 19.98422, 0.003827775, 0.01709635
63880, 19.98343, 0.00123701, 0.01554485
63986, 19.98199, 0.004642994, 0.01466393
64090, 19.98085, 0.005466458, 0.01703356
64190, 19.98524, 0.003061021, 0.01466557
64294, 19.98302, 0.002441833, 0.01557044
64395, 19.98271, 0.002448283, 0.01315196
64497, 19.9848, -0.001588898, 0.0126813
64599, 19.98436, -0.0009035701, 0.01107345
64706, 15.15707, -0.002058601, 0.007528741
64806, 7.688273, 0.0003667823, -0.0007832205
64906, 3.377175, 5.014678e-05, -0.008371512
65008, 1.287717, 0.001311187, -0.01310178
65108, 0.4028637, -0.0009376328, -0.01251751
65212, 0.05652712, -0.00384803, -0.009440866
65313, -0.04340939, 0.003242855, -0.0007665677
65414, -0.05903352, -0.002909327, 0.009114587
65517, -0.04141863, -0.002982828, 0.02083478
65620, -0.01330043, 0.002265971, 0.02469892
65720, 0.01208704, 0.007270663, 0.02936742
65820, 0.02532021, 0.01260555, 0.03091565
65921, 0.02717239, 0.01803515, 0.03237372
66023, 0.01995169, 0.01148994, 0.02852904
66125, 0.01393411, 0.0007822606, 0.0212968
66226, 0.01585672, -0.002285919, 0.01279863
66328, 0.01314378, -0.0005292657, 0.008313053
66430, 0.01166479, 0.00517553, 0.01057379
66533, 0.01652863, 0.01101105, 0.01727491
66633, 0.02212323, 0.0166517, 0.02310145
66733, 0.02690088, 0.02223433, 0.02980966
66838, 0.03207582, 0.0280606, 0.03613905
66941, 0.02924001, 0.03374841, 0.04228229
67044, 0.01216383, 0.03064012, 0.04414122
67146, 0.002756536, 0.02493053, 0.03663707
67247, -0.00771412, 0.01010475, 0.01982043
67347, -0.01436926, -0.005604655, 0.001987208
67448, -0.01112018, -0.01355588, -0.008877493
67549, -0.01605519, -0.0180439, -0.008212302
67651, -0.01656668, -0.02067862, 0.0003303172
67752, -0.01405727, -0.01940023, 0.0091511
67852, -0.01620637, -0.01388498, 0.01174041
67954, -0.01527459, -0.008259397, 0.005467321
68055, -0.01179589, -0.007854119, -0.006769468
68156, -0.01014948, -0.01048466, -0.01408488
68256, -0.009477606, -0.01349607, -0.01341068
68361, -0.008502732, -0.01314733, -0.004115255
68461, -0.007792908, -0.0139319, 0.009637062
68561, -0.007226145, -0.01324335, 0.02516579
68661, -0.008047209, -0.01443132, 0.03131205
68761, -0.01103889, -0.01580433, 0.02850883
68864, -0.01145808, -0.01739355, 0.01956338
68966, -0.01056879, -0.01900709, 0.009876634
69069, -0.01010707, -0.01510314, 0.007026606
69175, -0.008929896, -0.0114587, 0.01290658
69282, -0.009852795, -0.01098545, 0.02297441
69383, -0.01030865, -0.01463945, 0.02476482
69485, -0.01135612, -0.0194853, 0.01721602
69588, -0.009257123, -0.02339336, 0.003000661
69692, -0.01718817, -0.01747494, -0.01464397
69797, -0.0236395, 4.382431, -0.01949474
69897, -0.02265122, 12.18098, -0.01751842
69999, -0.01568731, 16.67883, -0.01090257
70101, -0.0114144, 18.74009, -0.003447143
70206, -0.008696454, 19.59827, 0.00161806
70308, 0.003379933, 19.90606, -0.006831073
70414, 0.01515661, 20.01018, -0.0199793
70516, 0.01597611, 20.01595, -0.03803551
70616, 0.002211035, 20.00947, -0.04524641
70718, -0.01761458, 19.9962, -0.05358016
70821, -0.02082295, 19.97371, -0.05225054
70923, -0.02659778, 19.94948, -0.0509562
71024, -0.02428875, 19.94, -0.04321296
71124, -0.02093252, 19.9343, -0.03449234
71225, -0.01768761, 19.927, -0.02148567
71327, -0.01207598, 19.93096, -0.009985839
71431, -0.004168944, 19.94376, -0.001740553
71533, 0.01024865, 19.95505, 0.0001798368
71652, 0.02630159, 19.95988, 0.00231489
71752, 0.02492882, 19.96374, 0.003479362
71857, 0.01428615, 19.96811, 0.001790946
71957, 0.006592704, 19.97389, -0.0008836101
72063, 0.006188602, 19.98562, -0.005414093
72165, 0.005985665, 19.99596, -0.009230692
72266, 0.005618928, 20.00557, -0.01228692
72367, 0.0008098861, 20.00273, -0.01335032
72473, -0.005152154, 19.99466, -0.01148941
72575, -0.009701488, 19.99008, -0.006244161
72676, -0.0007088174, 19.98373, 0.00346383
72778, 0.009208848, 19.97861, 0.01245704
72880, 0.0186769, 19.97341, 0.02208795
72981, 0.01151882, 19.97373, 0.02688437
73086, 0.004199128, 19.98244, 0.02225558
73189, -0.00540038, 19.99073, 0.01468863
73294, -0.01407123, 19.99476, 0.004125749
73401, -0.01887016, 19.99219, -0.007958693
73510, -0.02440468, 19.9861, -0.01502945
73611, -0.03149082, 19.98143, -0.02134189
73713, -0.04003916, 19.97964, -0.02881439
73816, -0.04245249, 19.98854, -0.0291166
73919, -0.02897919, 19.99686, -0.0198558
74021, -0.01691741, 20.00052, -0.007571398
74125, -0.007386554, 20.00102, 0.003204419
74227, 8.80293e-05, 20.00356, 0.01069084
74328, 0.002675996, 20.00361, 0.01418609
74432, -0.004751381, 20.00191, 0.01143025
74536, -0.01421934, 20.00424, -0.001153002
74638, -0.01923769, 20.00081, -0.01982097
74738, -0.0194989, 19.99524, -0.03478016
74838, -0.0182985, 19.99024, -0.04195581
74940, -0.01485098, 19.98529, -0.04852842
75044, -0.01176559, 19.98068, -0.05525593
75149, -0.009224715, 19.97649, -0.06215975
75249, -0.007191177, 19.97418, -0.06936487
75349, -0.005038354, 19.98328, -0.07523869
75457, -0.0007895323, 19.99274, -0.07662196
75563, 0.005433264, 20.00046, -0.06860864
75663, 0.01392704, 20.00385, -0.05495599
75763, 0.01359056, 20.00191, -0.03573529
75864, 0.004925786, 20.0014, -0.01332321
75964, -0.0001054293, 20.0135, 0.004003232
76066, -0.006534152, 20.02088, 0.009835362
76169, -0.01280583, 20.02088, 0.005948206
76273, -0.01722503, 20.0149, -0.009149815
76376, -0.02199772, 20.0062, -0.02609915
76478, -0.01921999, 20.00316, -0.03366554
76581, -0.01829238, 19.99799, -0.03019261
76684, -0.02151188, 19.99508, -0.02638739
76785, -0.01890155, 19.99655, -0.02004527
76889, -0.01938147, 19.99369, -0.01545608
76990, -0.01585471, 19.99573, -0.01044228
77094, -0.01661642, 19.99478, -0.009378045
77197, -0.01195419, 19.99576, -0.006412689
77304, -0.01408872, 19.99534, -0.008394792
77406, -0.01268407, 19.99424, -0.008581494
77508, -0.01112437, 19.99674, -0.008833222
77611, -0.009442835, 19.99716, -0.006038625
77712, -0.01262116, 19.99124, -0.01000558
77818, -0.01188909, 19.99434, -0.01541197
77918, -0.01354458, 19.99237, -0.01913365
78020, -0.0142254, 19.99628, -0.01721807
78123, -0.0106036, 19.99399, -0.01213235
78222, -0.008557385, 19.99435, -0.003819394
78322, -0.005229149, 19.9964, 0.0002695251
78426, -0.00352128, 19.99706, 0.001986259
78531, -0.003454085, 19.99771, -0.002253405
78631, -0.003783754, 19.99757, -0.005585684
78731, -0.005308844, 19.99746, -0.01020394
78831, -0.006081825, 20.00069, -0.01206544
78931, -0.00513035, 19.99761, -0.01359936
79031, -0.007989772, 19.99804, -0.01398171
79135, -0.005662696, 19.9955, -0.01510023
79238, -0.007674949, 19.99619, -0.01415002
79343, -0.004783408, 19.99728, -0.01194559
79448, -0.006969998, 19.99755, -0.008026291
79549, -0.00311021, 19.99952, -0.004021182
79654, -0.006365781, 19.99802, -0.0005846135
79758, -0.001835921, 15.8265, 0.005287787
79859, -0.001740164, 7.878211, 0.01433131
79961, 0.001465183, 3.486185, 0.02098525
80062, 0.004901237, 1.342465, 0.02202147
80162, 0.001146685, 0.4268205, 0.02124901
80262, -4.892031e-05, 0.07980204, 0.01820778
80362, -0.009110447, -0.03219876, 0.01342835
80465, -0.01780492, -0.05814263, 0.004895111
80565, -0.01818189, -0.04630113, -0.004638771
80666, -0.006498996, -0.02146167, -0.01325567
80767, 0.00618928, -0.001687834, -0.02032367
80869, 0.01455749, 0.01078051, -0.02750662
80970, 0.01549553, 0.01686315, -0.02791418
81071, 0.009423736, 0.01793094, -0.02214368
81172, 0.001813599, 0.02155121, -0.0139919
81274, -0.005327512, 0.01810433, -0.007235657
81380, 0.001440446, 0.01793202, -0.002745857
81482, 0.008633875, 0.01921107, -0.004448969
81584, 0.01597027, 0.02495777, -0.004919596
81686, 0.02311372, 0.02996014, -0.006818001
81791, 0.0274293, 0.0353822, -0.006982858
81894, 0.01421728, 0.02414611, -0.008150351
81994, -0.001412688, 0.0135257, -0.004596781
82098, -0.01015182, 0.009748589, -0.002574842
82199, -0.01484622, 0.003822597, -0.0002260537
82299, -0.01744636, 0.0004424336, -0.005302469
82402, -0.01592416, -0.002870391, -0.014103
82506, -0.01401745, -0.004945098, -0.0211566
82606, -0.006299194, -0.008816605, -0.02002949
82707, -0.001288308, -0.01407144, -0.01078976
82811, -0.003857665, -0.01351155, 0.006387587
82911, -0.01217746, -0.004426156, 0.01721763
83014, -0.0137585, 0.005984408, 0.02038981
83116, -0.01475587, 0.01264874, 0.01431821
83221, -0.01189124, 0.009872919, 0.001856675
83321, -0.01289904, 0.000456187, -0.01493597
83421, -0.02248, -0.005735818, -0.02604821
83523, -0.03215824, -0.0121725, -0.02878251
83624, -0.03471363, -0.01132926, -0.02169664
83734, -0.02837023, -0.01541733, -0.005595871
83840, -0.01540598, -0.01514622, 0.01596319
83943, -0.009881461, -0.01165685, 0.02907661
84048, -0.00603418, -0.007987621, 0.03245707
84149, -0.00736964, -0.004216428, 0.02625224
84249, -0.008849285, -0.0005567746, 0.01271961
84349, -0.006862553, -0.00174999, -0.006399617
84455, -0.01417872, -0.01086503, -0.02360168
84559, -0.02256219, -0.01447938, -0.03048789
84659, -0.03077106, -0.01679849, -0.02811589
84760, -0.03592642, -0.01760445, -0.01851594
84863, -0.02964675, -0.0136909, 0.01266673
84964, -0.02295996, -0.01220262, 0.1572924
85070, -0.008607705, -0.01244077, 0.5284113
85171, 0.01043632, -0.01606201, 1.164361
85272, 0.009628554, -0.01498257, 2.053796
85375, 0.004057337, -0.01676002, 3.212753
85479, 0.001770231, -0.006284632, 4.586782
85581, 0.006989921, -0.01022268, 6.066332
85681, 0.007013556, -0.0143399, 7.486019
85781, -0.001406605, -0.01335435, 8.976351
85884, -0.002253114, -0.01333964, 10.3884
85989, -0.0116568, -0.01380803, 11.70023
86090, -0.01786438, -0.011192, 12.8166
86191, -0.01163228, -0.01807002, 13.80724
86292, -0.008508774, -0.01512143, 14.7037
86393, 0.0008098882, -0.01408999, 15.50782
86495, 0.008026969, -0.001503828, 16.29761
86598, 0.01217092, -0.004082601, 17.06795
86702, 0.0134947, -0.001878343, 17.8901
86806, 0.02406775, -0.002231303, 18.76218
86916, 0.02658973, -0.004724924, 19.79734
87016, 0.02090325, -0.01229827, 20.67763
87122, 0.0005714201, -0.01159359, 21.66225
87225, -0.003261996, 0.0007610288, 22.68355
87326, -0.0100626, 0.01172112, 23.9402
87431, -0.01391466, -0.0006810167, 24.8161
87532, -0.02280129, -0.003545428, 25.83871
87633, -0.02311174, -0.003649484, 26.86451
87736, -0.02105711, -0.005843132, 27.94654
87838, -0.01693212, -0.00737899, 28.97273
87938, -0.01409438, -0.001540514, 29.98421
88040, -0.01139297, 0.0001029156, 31.01463
88141, -0.01049598, -0.009753372, 32.00111
88243, -0.002314575, -0.00404192, 33.00426
88348, -0.00766962, -0.001813956, 34.02604
88449, -0.01294262, -0.008058744, 35.01699
88550, -0.01027244, 0.0001376804, 35.97868
88654, -0.004527496, -0.0006435718, 36.98732
88756, -0.001476079, 0.003120606, 37.96638
88862, -0.009397849, 0.006496117, 38.98888
88966, -0.01674147, 0.006862406, 39.98081
89067, -0.02669878, 0.004505779, 40.97247
89168, -0.0359998, 0.004797338, 41.9389
89270, -0.02363431, 0.008894294, 42.93093
89375, -0.008785403, 0.003076756, 43.95139
89480, 0.005331275, -0.005713495, 44.97596
89580, 0.01574729, -0.008781258, 45.95096
89683, 0.02102206, -0.002181351, 46.94904
89783, 0.01621929, 0.001970474, 47.92357
89889, 0.01209635, 0.005128058, 48.96877
89993, 0.01205423, 0.004474299, 50.00117
90098, 0.002127936, 0.006971946, 51.01998
90198, -0.006151842, -0.003483193, 51.98747
90298, -0.01299712, -0.006506321, 52.95062
90398, -0.01955289, -0.00904626, 53.91503
90522, -0.02091842, -0.009543927, 55.15593
90624, -0.01234783, 0.002943852, 56.35649
90726, -0.006656722, -0.002230729, 57.0504
90827, -0.005833184, -0.0004410316, 57.96778
90931, -0.01116486, -0.01064376, 58.90568
91031, -0.01127161, -0.006938716, 59.8502
91131, -0.01649627, 6.960224e-05, 60.82041
91231, -0.01449273, 0.008323394, 61.76484
91335, -0.01256821, 0.01868519, 62.77894
91436, -0.003446482, 0.01325733, 63.81185
91537, -0.008126647, 0.009955865, 64.82986
91642, -0.01277374, 0.008659332, 65.90347
91742, -0.01454238, 0.007302351, 66.92513
91842, -0.008778632, -0.005775272, 67.93999
91942, -0.01327011, -0.002423862, 68.94741
92042, -0.006933862, -0.009714034, 69.94843
92147, -0.008116864, -0.009984359, 71.00306
92250, -0.003116708, -0.01455456, 72.01736
92352, -0.00884298, -0.002638686, 73.02064
92454, -0.0127959, 0.004809215, 74.01131
92554, -0.009421487, -0.001787396, 74.96978
92655, 0.00382641, -0.004892033, 75.92743
92757, 0.00191623, -0.01386482, 76.90623
92857, -0.002616484, -0.01192315, 77.87652
92960, -0.007223262, -0.01045239, 78.88572
93064, -0.0120561, -0.0102253, 79.96732
93165, -0.01296401, -0.007433628, 80.90136
93266, -0.02345655, 0.002257952, 81.90867
93366, -0.01859758, 0.004035566, 82.89505
93470, -0.01141559, -0.004060606, 83.91096
93570, -0.004260032, -0.01145921, 84.90586
93670, 0.004773118, -0.01167261, 85.90324
93772, 0.009569703, -0.01320457, 86.927
93875, 0.01650988, -0.00798172, 87.94177
93975, 0.006479444, -0.0006019904, 88.93604
94080, -0.0008690304, -0.00451949, 90.0084
94182, -0.0009835399, -0.000213297, 90.99232
94283, -0.001031425, -0.002374046, 91.97519
94386, 0.003632945, 0.001875906, 92.96738
94487, 0.006149341, 0.004370183, 93.95877
94588, 0.01043365, 0.009531973, 94.92718
94695, 0.004698199, 0.01492081, 95.97105
94799, 0.007885875, 0.01322427, 96.9924
94900, 0.0009928697, 0.006736374, 97.96214
95001, -0.01562294, 0.004809795, 98.94557
95101, -0.02589305, -0.000603534, 99.89668
95201, -0.01444868, -0.005692656, 100.8919
95304, -0.001929957, -0.009208386, 101.8942
95403, 0.01125665, -0.009211593, 102.8533
95503, 0.01924796, -0.003384754, 103.8445
95603, 0.02103958, -0.004568217, 104.8417
95705, 0.02203194, -0.003714321, 105.8694
95809, 0.02383478, -0.001162056, 106.9264
95909, 0.02017957, -0.001878455, 107.9237
96012, -0.0004935859, 0.006201873, 108.956
96114, -0.00902579, -0.0006595618, 109.9657
96216, -0.01422193, 0.007744393, 110.9847
96317, -0.02007905, 0.0008470058, 111.9966
96419, -0.01114688, 0.006325113, 112.9684
96519, -0.01146866, 0.007879875, 113.9368
96619, -0.01256138, 0.009719227, 114.9074
96719, -0.01630412, 0.002531175, 115.9004
96822, -0.01942744, 0.001442312, 116.8833
96922, -0.02315701, 3.719902e-07, 117.8727
97022, -0.02646829, -0.001208307, 118.8682
97126, -0.03022681, 5.391928e-05, 119.9285
97227, -0.03054325, 0.0003527531, 120.9301
97332, -0.01561629, 0.0001228282, 121.9771
97438, -0.01338863, -0.001877091, 123.0151
97543, -0.01319841, 0.006232628, 124.0403
97645, -0.005979422, -0.001092908, 125.0267
97747, -0.0110551, 0.001604567, 126.0013
97847, -0.006639083, -7.206196e-05, 126.9476
97949, 0.003588844, 0.01171129, 127.9215
98049, 0.01754478, 0.003447776, 128.9052
98149, 0.01668246, 0.006892741, 129.841
98251, 0.01291361, 0.003053511, 130.8505
98351, 0.009341343, 0.002930011, 131.8357
98455, 0.005678908, 0.001803744, 132.8603
98557, 0.002089886, 0.0008391305, 133.8806
98658, -0.001379546, 0.005288443, 134.8778
98761, -0.004936514, 0.007359844, 135.9024
98862, -0.008521916, 0.008372451, 136.9206
98963, -0.01614301, 0.005501281, 137.9208
99066, -0.01256251, -0.003644415, 138.9497
99167, -0.01504469, -0.003219426, 139.9558
99268, -0.006521835, -0.008327609, 140.9465
99368, -0.00640125, -0.00823187, 141.9245
99473, -0.005356963, -0.01016437, 142.9791
99577, -0.002012723, -0.01212491, 143.9854
99678, -0.00349196, -0.01136363, 144.9618
